0.02
1.39
5.02
3.04
3.45
1.85
0.83
4.39
7.78
2.66
3.37
5.83
0.72
0.89
3.43
4.33
4.04
4.85
4.75
16.44
6.71
1.92
2.28
2.50
3.34
3.79
6.03
2.80
5.97
2.10
2.82
3.47
3.09
0.37
2.66
0.99
2.83
4.45
3.78
7.66
6.03
3.41
1.16
4.21
2.82
4.56
7.15
5.08
2.07
0.84
4.85
2.39
4.06
5.03
11.51
2.57
1.99
10.29
4.73
5.00
4.19
1.03
4.05
6.64
2.12
2.93
5.12
8.22
1.04
3.27
2.66
2.14
7.23
3.43
3.07
7.98
0.86
5.08
5.16
5.79
1.36
0.51
4.46
6.36
3.14
1.95
2.13
2.54
1.58
3.19
2.13
2.54
1.58
3.19
6.88
7.12
0.94
7.02
3.29
3.35
2.34
10.79
3.23
2.08
1.15
2.19
1.65
1.52
3.67
5.49
0.71
3.46
3.26
8.52
4.95
3.57